# 1000 nodes for testing
0	1
1	0
2	3
2	4
2	7
3	2
3	309
4	2
4	273
4	274
4	388
5	6
5	8
5	9
6	5
6	305
6	309
6	310
7	2
7	8
7	16
8	5
8	7
9	5
9	12
10	11
10	22
10	77
11	10
11	44
12	9
12	13
12	14
13	12
14	12
14	15
14	20
15	14
15	310
15	312
16	7
16	17
16	18
17	16
18	16
18	24
18	266
19	20
19	21
19	23
19	25
20	14
20	19
20	24
20	312
21	19
22	10
22	44
22	58
22	69
23	19
23	24
23	38
24	18
24	20
24	23
24	303
25	19
25	26
25	29
26	25
26	37
26	312
27	28
27	29
27	30
28	27
29	25
29	27
29	314
30	27
30	31
30	32
31	30
32	30
32	33
32	34
33	32
34	32
34	35
34	36
35	34
36	34
36	37
36	40
36	313
37	26
37	36
37	313
38	23
38	39
38	52
39	38
39	303
39	317
40	36
40	45
40	67
41	42
41	43
41	57
42	41
42	279
43	41
44	11
44	22
44	45
44	51
45	40
45	44
45	275
45	279
46	47
46	56
46	59
47	46
47	55
47	60
48	49
48	54
48	63
48	277
49	48
49	55
50	51
50	58
50	61
51	44
51	50
52	38
52	53
52	71
52	132
53	52
53	277
53	278
53	279
54	48
54	55
54	60
54	62
55	47
55	49
55	54
56	46
56	57
56	65
57	41
57	56
57	64
57	75
58	22
58	50
58	70
59	46
59	60
59	65
59	68
60	47
60	54
60	59
61	50
61	70
61	81
62	54
62	63
62	68
63	48
63	62
64	57
64	66
64	80
65	56
65	59
65	75
65	78
66	64
66	73
66	86
67	40
68	59
68	62
68	78
69	22
69	70
69	76
69	83
70	58
70	61
70	69
70	93
71	52
71	72
71	319
72	71
72	317
72	318
73	66
73	74
73	79
74	73
75	57
75	65
75	80
75	82
76	69
76	77
76	88
76	198
77	10
77	76
77	197
78	65
78	68
78	82
79	73
79	81
79	89
80	64
80	75
80	86
80	87
81	61
81	79
81	93
81	95
82	75
82	78
82	87
82	106
83	69
83	88
83	92
84	85
84	352
85	84
85	853
85	895
86	66
86	80
86	89
86	94
87	80
87	82
87	94
87	99
88	76
88	83
88	96
88	387
89	79
89	86
89	95
89	97
90	91
90	297
90	400
91	90
91	295
91	297
91	345
92	83
92	93
92	96
92	98
93	70
93	81
93	92
94	86
94	87
94	97
94	108
95	81
95	89
95	101
95	102
96	88
96	92
96	103
96	104
97	89
97	94
97	102
97	107
98	92
98	101
98	104
99	87
99	100
99	105
100	99
100	108
100	109
101	95
101	98
101	112
102	95
102	97
102	111
102	113
103	96
103	115
103	124
104	96
104	98
104	115
104	120
105	99
105	106
106	82
106	105
107	97
107	108
107	113
107	346
108	94
108	100
108	107
108	110
109	100
109	110
109	118
110	108
110	109
110	346
111	102
111	112
111	119
111	122
112	101
112	111
113	102
113	107
113	114
113	121
114	113
115	103
115	104
115	120
115	123
115	128
116	117
116	118
116	133
117	116
118	109
118	116
119	111
119	120
119	125
120	104
120	115
120	119
121	113
121	122
121	126
122	111
122	121
122	125
122	127
123	115
123	124
123	136
124	103
124	123
124	347
125	119
125	122
125	128
125	129
126	121
126	127
126	130
127	122
127	126
127	129
127	134
128	115
128	125
128	138
129	125
129	127
129	137
130	126
130	131
130	134
131	130
132	52
132	151
132	152
133	116
134	127
134	130
134	137
134	142
135	136
135	284
136	123
136	135
136	347
137	129
137	134
137	138
137	145
138	128
138	137
138	144
139	140
140	139
141	142
141	143
141	325
142	134
142	141
142	145
143	141
143	144
143	145
144	138
144	143
144	177
145	137
145	142
145	143
146	147
146	148
146	149
147	146
147	148
147	150
147	412
148	146
148	147
148	278
148	324
149	146
149	150
149	161
150	147
150	149
150	406
150	411
151	132
151	153
151	156
152	132
152	153
152	154
153	151
153	152
153	154
154	152
154	153
155	156
155	157
155	166
156	151
156	155
156	278
157	155
157	162
157	170
158	159
158	160
158	280
159	158
159	280
159	282
160	158
161	149
161	175
161	328
162	157
163	164
163	165
163	180
164	163
164	180
164	327
165	163
165	166
165	171
166	155
166	165
166	332
167	168
167	169
167	172
168	167
168	281
168	286
169	167
170	157
170	171
171	165
171	170
172	167
172	176
172	292
173	174
173	175
173	176
174	173
175	161
175	173
175	178
176	172
176	173
176	178
177	144
178	175
178	176
178	181
179	180
179	184
179	185
180	163
180	164
180	179
181	178
181	182
181	183
182	181
183	181
183	185
183	291
184	179
185	179
185	183
185	186
186	185
186	187
186	188
187	186
187	333
187	336
188	186
188	194
188	289
189	190
189	191
189	193
190	189
191	189
192	193
192	196
193	189
193	192
194	188
194	195
194	361
195	194
195	196
195	338
196	192
196	195
197	77
197	198
197	387
198	76
198	197
199	200
199	205
199	206
200	199
200	361
200	373
200	376
201	202
201	203
201	204
201	213
202	201
202	208
202	383
203	201
203	383
204	201
204	205
204	210
204	212
205	199
205	204
206	199
206	207
206	210
207	206
207	376
208	202
208	209
208	213
208	214
209	208
209	287
209	288
209	290
210	204
210	206
210	211
210	215
211	210
211	220
211	223
212	204
212	213
212	215
212	221
213	201
213	208
213	212
213	222
214	208
214	222
214	299
215	210
215	212
215	223
215	226
216	217
216	225
216	227
217	216
217	219
217	224
218	219
218	220
218	224
218	230
219	217
219	218
219	360
220	211
220	218
220	231
220	360
221	212
221	222
221	226
221	243
222	213
222	214
222	221
223	211
223	215
223	229
223	231
224	217
224	218
224	227
224	234
225	216
225	228
225	233
226	215
226	221
226	229
226	350
227	216
227	224
227	233
227	236
228	225
228	232
228	235
229	223
229	226
229	238
230	218
230	231
230	234
230	237
231	220
231	223
231	230
231	238
232	228
233	225
233	227
233	235
233	240
234	224
234	230
234	236
234	239
235	228
235	233
235	244
236	227
236	234
236	240
237	230
237	238
237	239
237	343
238	229
238	231
238	237
239	234
239	237
239	245
239	264
240	233
240	236
240	244
240	245
241	242
241	243
241	296
242	241
242	350
242	356
243	221
243	241
243	299
243	350
244	235
244	240
244	246
244	357
245	239
245	240
245	246
246	244
246	245
246	359
247	248
247	249
247	259
247	405
248	247
248	357
248	358
249	247
249	250
249	251
250	249
250	263
250	405
251	249
251	258
251	263
252	253
252	254
252	256
253	252
253	294
254	252
255	256
255	257
255	260
256	252
256	255
256	293
256	341
257	255
257	297
258	251
258	259
258	265
259	247
259	258
260	255
260	261
260	340
261	260
261	344
262	263
263	250
263	251
263	262
264	239
264	265
264	397
265	258
265	264
266	18
266	303
267	268
267	269
267	306
267	321
268	267
268	269
268	321
269	267
269	268
269	321
270	271
270	272
270	404
271	270
271	595
272	270
272	595
273	4
274	4
274	309
275	45
275	276
275	284
276	275
276	313
277	48
277	53
277	326
278	53
278	148
278	156
279	42
279	45
279	53
280	158
280	159
280	281
281	168
281	280
282	159
282	283
283	282
283	285
284	135
284	275
284	406
285	283
285	406
286	168
286	292
287	209
287	290
287	372
288	209
288	298
288	302
289	188
289	291
289	362
290	209
290	287
290	373
290	375
291	183
291	289
291	292
292	172
292	286
292	291
293	256
293	294
293	297
294	253
294	293
295	91
295	296
295	298
295	382
296	241
296	295
296	384
297	90
297	91
297	257
297	293
298	288
298	295
298	299
298	803
299	214
299	243
299	298
300	301
300	302
300	368
300	370
301	300
301	401
302	288
302	300
302	371
302	401
303	24
303	39
303	266
303	304
304	303
305	6
306	267
307	308
308	307
309	3
309	6
309	274
310	6
310	15
310	311
311	310
312	15
312	20
312	26
313	36
313	37
313	276
314	29
314	315
314	316
315	314
316	314
317	39
317	72
318	72
319	71
319	320
320	319
321	267
321	268
321	269
322	323
322	324
322	412
323	322
324	148
324	322
324	325
325	141
325	324
326	277
327	164
327	328
327	329
328	161
328	327
329	327
329	330
330	329
330	331
331	330
332	166
333	187
333	334
333	335
334	333
335	333
336	187
337	338
337	339
337	377
338	195
338	337
339	337
340	260
340	341
340	348
341	256
341	340
341	342
341	416
342	341
343	237
344	261
344	345
345	91
345	344
345	382
345	403
346	107
346	110
347	124
347	136
348	340
348	349
348	416
349	348
350	226
350	242
350	243
350	351
351	350
352	84
353	354
353	355
354	353
354	508
354	509
355	353
356	242
357	244
357	248
357	359
358	248
358	359
359	246
359	357
359	358
360	219
360	220
361	194
361	200
361	362
361	377
362	289
362	361
362	367
363	364
363	991
364	363
364	1001
365	366
366	365
367	362
367	374
368	300
368	369
368	370
369	368
369	419
369	486
370	300
370	368
370	371
371	302
371	370
371	372
372	287
372	371
373	200
373	290
373	374
373	375
374	367
374	373
374	375
375	290
375	373
375	374
376	200
376	207
376	377
376	391
377	337
377	361
377	376
377	391
378	379
379	378
380	381
381	380
382	295
382	345
382	802
383	202
383	203
384	296
385	386
385	390
385	392
386	385
386	410
386	630
386	631
387	88
387	197
388	4
388	389
389	388
390	385
390	392
390	410
391	376
391	377
391	405
392	385
392	390
393	394
394	393
394	398
395	396
396	395
397	264
397	400
397	420
398	394
398	399
399	398
400	90
400	397
401	301
401	302
401	402
401	825
402	401
402	803
402	825
403	345
403	825
403	841
404	270
404	407
404	425
405	247
405	250
405	391
406	150
406	284
406	285
407	404
407	408
407	425
408	407
408	409
409	408
410	386
410	390
411	150
412	147
412	322
413	414
413	418
413	489
414	413
414	489
414	490
414	491
415	416
415	421
415	422
416	341
416	348
416	415
416	488
417	418
417	419
417	505
418	413
418	417
419	369
419	417
419	486
419	487
420	397
420	421
420	524
421	415
421	420
421	504
422	415
422	426
423	424
423	428
423	430
424	423
424	430
424	488
424	494
425	404
425	407
426	422
426	427
427	426
427	428
427	432
428	423
428	427
428	488
428	496
429	430
429	431
429	434
430	423
430	424
430	429
430	434
431	429
431	443
432	427
432	456
432	515
433	434
433	443
433	492
434	429
434	430
434	433
434	443
435	436
435	437
435	438
436	435
436	527
436	529
437	435
438	435
438	536
438	600
439	440
439	452
439	508
440	439
440	515
440	601
441	442
441	445
442	441
443	431
443	433
443	434
443	492
444	445
444	446
445	441
445	444
446	444
447	448
448	447
449	450
449	485
450	449
451	452
452	439
452	451
452	516
453	454
454	453
454	498
455	456
455	457
455	462
456	432
456	455
456	496
457	455
457	458
457	521
458	457
458	459
458	461
458	520
459	458
459	460
459	461
460	459
460	461
460	521
461	458
461	459
461	460
462	455
462	522
462	587
462	588
463	464
463	467
463	580
464	463
464	538
464	539
465	466
466	465
467	463
468	469
468	470
469	468
469	579
469	580
470	468
471	472
471	475
472	471
472	573
473	474
474	473
475	471
475	484
475	575
476	477
476	497
477	476
477	500
477	530
478	479
478	775
478	776
478	807
479	478
480	481
481	480
481	554
481	556
482	483
483	482
483	548
483	550
484	475
485	449
486	369
486	419
486	487
487	419
487	486
487	596
488	416
488	424
488	428
489	413
489	414
489	602
489	604
490	414
490	491
490	603
491	414
491	490
491	596
492	433
492	443
492	493
492	527
493	492
494	424
494	505
494	507
495	496
496	428
496	456
496	495
497	476
498	454
498	499
499	498
499	577
500	477
501	502
501	503
502	501
502	540
502	542
503	501
503	540
504	421
505	417
505	494
505	506
506	505
507	494
508	354
508	439
508	510
509	354
509	513
509	514
510	508
511	512
511	515
512	511
513	509
514	509
515	432
515	440
515	511
516	452
517	518
517	519
518	517
519	517
520	458
521	457
521	460
521	522
522	462
522	521
522	523
523	522
524	420
524	525
524	526
525	524
526	524
527	436
527	492
527	528
528	527
529	436
530	477
530	531
531	530
532	533
532	537
533	532
534	535
534	536
534	594
535	534
535	594
535	605
536	438
536	534
536	594
537	532
538	464
539	464
540	502
540	503
540	541
541	540
542	502
542	543
543	542
543	544
543	547
544	543
544	549
545	546
546	545
547	543
547	548
548	483
548	547
548	549
549	544
549	548
550	483
550	551
550	552
551	550
552	550
552	553
553	552
553	554
554	481
554	553
554	555
555	554
555	556
556	481
556	555
556	557
557	556
557	558
558	557
558	559
559	558
559	597
559	598
560	561
561	560
561	564
562	563
562	564
562	565
563	562
564	561
564	562
565	562
565	566
566	565
566	567
567	566
567	568
568	567
568	571
569	570
569	571
569	572
570	569
571	568
571	569
572	569
572	575
573	472
573	574
573	576
574	573
575	475
575	572
576	573
577	499
577	578
577	579
578	577
579	469
579	577
580	463
580	469
580	581
581	580
581	582
581	583
582	581
583	581
583	584
583	585
584	583
585	583
585	586
585	587
586	585
587	462
587	585
587	588
588	462
588	587
588	589
589	588
589	590
589	591
590	589
591	589
591	592
591	593
592	591
593	591
593	607
594	534
594	535
594	536
595	271
595	272
596	487
596	491
597	559
598	559
599	600
599	607
600	438
600	599
601	440
602	489
602	603
602	604
603	490
603	602
604	489
604	602
604	605
605	535
605	604
605	606
606	605
607	593
607	599
608	609
608	610
608	612
608	682
609	608
609	684
609	702
610	608
610	683
610	698
610	702
611	612
611	613
611	614
612	608
612	611
612	619
612	684
613	611
613	684
613	703
614	611
614	618
614	622
615	616
615	617
615	623
616	615
616	808
616	811
617	615
618	614
618	619
618	659
619	612
619	618
619	682
619	683
620	621
620	622
620	628
621	620
621	622
621	660
622	614
622	620
622	621
622	659
623	615
623	624
623	625
624	623
624	831
625	623
625	626
626	625
626	634
626	685
627	628
627	629
627	637
627	638
628	620
628	627
628	695
629	627
629	637
629	668
629	669
630	386
630	631
630	686
631	386
631	630
631	707
632	633
633	632
634	626
634	635
634	645
635	634
635	646
635	659
635	683
636	637
636	639
636	672
637	627
637	629
637	636
637	639
638	627
638	639
638	653
639	636
639	637
639	638
639	653
640	641
640	642
640	673
641	640
641	654
641	655
641	672
641	673
642	640
642	649
642	651
643	644
643	650
643	657
644	643
644	664
644	665
644	666
645	634
645	646
646	635
646	645
646	681
647	648
647	678
647	687
648	647
649	642
649	650
649	651
650	643
650	649
650	656
651	642
651	649
651	655
652	653
652	654
652	670
653	638
653	639
653	652
653	667
654	641
654	652
654	655
654	671
654	674
655	641
655	651
655	654
655	676
656	650
656	657
656	658
656	676
657	643
657	656
657	677
658	656
658	691
659	618
659	622
659	635
659	683
660	621
660	661
660	704
661	660
661	704
661	705
662	685
664	644
664	673
664	694
665	644
666	644
666	673
667	653
667	670
667	688
668	629
669	629
670	652
670	667
670	671
671	654
671	670
671	674
672	636
672	641
673	640
673	641
673	664
673	666
674	654
674	671
674	675
675	674
675	676
675	690
676	655
676	656
676	675
676	691
677	657
677	680
678	647
679	680
680	677
680	679
681	646
682	608
682	619
682	696
683	610
683	619
683	635
683	659
684	609
684	612
684	613
685	626
685	662
685	879
686	630
686	687
686	692
687	647
687	686
688	667
688	689
689	688
690	675
690	691
690	697
691	658
691	676
691	690
692	686
694	664
695	628
696	682
697	690
698	610
698	699
698	700
698	808
699	698
699	796
699	808
700	698
700	701
700	797
701	700
701	702
702	609
702	610
702	701
703	613
703	704
704	660
704	661
704	703
705	661
705	706
706	705
707	631
708	709
708	777
709	708
709	780
709	789
710	711
710	919
710	921
711	710
711	863
712	713
712	714
712	715
713	712
713	922
714	712
714	921
714	922
715	712
716	717
716	720
717	716
718	719
718	723
719	718
719	721
720	716
720	724
720	732
720	986
721	719
721	722
721	723
722	721
723	718
723	721
723	724
724	720
724	723
724	727
725	726
725	729
725	931
726	725
727	724
727	728
727	730
728	727
728	975
729	725
729	735
729	740
730	727
730	737
730	975
731	732
731	733
731	736
732	720
732	731
732	988
733	731
733	734
733	736
733	930
734	733
734	988
735	729
735	739
735	755
736	731
736	733
736	737
736	738
736	930
737	730
737	736
738	736
738	744
738	929
739	735
739	747
739	748
740	729
740	741
740	746
741	740
742	743
742	753
742	755
743	742
743	929
743	930
743	931
744	738
744	745
744	927
745	744
745	973
745	974
746	740
746	747
746	756
746	941
747	739
747	746
747	749
748	739
748	749
748	766
749	747
749	748
749	943
750	751
750	752
750	925
751	750
751	973
751	975
752	750
753	742
753	754
753	774
754	753
754	929
755	735
755	742
755	761
756	746
756	757
756	767
757	756
758	759
758	760
758	773
758	782
759	758
759	940
760	758
760	774
760	927
760	972
761	755
761	765
761	787
762	763
762	764
762	769
763	762
763	764
764	762
764	763
765	761
765	766
765	810
766	748
766	765
766	989
767	756
767	768
767	979
768	767
769	762
769	770
769	984
770	769
770	772
770	805
771	772
772	770
772	771
773	758
773	774
773	793
774	753
774	760
774	773
774	938
775	478
775	776
776	478
776	775
777	708
777	789
777	790
778	779
778	780
778	804
778	958
779	778
779	780
780	709
780	778
780	779
781	782
781	783
782	758
782	781
782	793
782	940
783	781
784	785
784	786
784	801
785	784
786	784
787	761
787	791
787	938
788	789
788	790
788	796
789	709
789	777
789	788
790	777
790	788
790	797
791	787
791	795
791	937
792	793
792	794
792	814
792	815
793	773
793	782
793	792
793	794
794	792
794	793
794	938
794	939
795	791
795	801
795	936
796	699
796	788
796	797
797	700
797	790
797	796
798	799
798	800
798	807
799	798
799	958
799	960
800	798
801	784
801	795
801	810
802	382
802	920
802	992
803	298
803	402
803	841
804	778
804	828
804	844
805	770
805	806
805	829
806	805
806	979
806	981
807	478
807	798
807	809
808	616
808	698
808	699
808	828
809	807
809	818
809	953
810	765
810	801
810	812
810	820
811	616
811	831
812	810
812	813
812	823
813	812
813	941
813	942
813	943
814	792
814	824
814	837
815	792
815	837
815	875
816	817
816	818
816	830
816	840
817	816
817	976
818	809
818	816
819	820
819	832
819	845
820	810
820	819
820	833
820	951
821	822
821	823
821	835
822	821
823	812
823	821
823	942
823	951
824	814
825	401
825	402
825	403
826	827
826	828
826	842
826	847
827	826
828	804
828	808
828	826
828	869
829	805
829	830
829	838
830	816
830	829
831	624
831	811
831	842
832	819
832	833
832	834
833	820
833	832
833	834
833	936
834	832
834	833
834	937
834	939
835	821
835	836
835	838
836	835
837	814
837	815
837	866
838	829
838	835
838	858
839	840
839	852
839	959
840	816
840	839
840	952
840	953
841	403
841	803
842	826
842	831
842	879
843	844
843	846
843	869
844	804
844	843
845	819
845	855
845	864
846	843
846	851
846	969
847	826
847	848
847	859
848	847
849	850
849	851
849	961
850	849
850	851
850	959
850	962
851	846
851	849
851	850
851	970
852	839
852	856
852	862
853	85
854	855
854	903
855	845
855	854
855	950
855	951
856	852
856	877
856	883
857	858
857	872
857	882
858	838
858	857
858	951
858	952
859	847
859	868
859	878
860	861
860	862
860	876
860	963
861	860
861	961
861	964
861	971
862	852
862	860
862	877
862	962
863	711
864	845
864	867
864	950
865	866
865	870
865	886
866	837
866	865
866	945
867	864
867	874
867	893
868	859
868	869
868	966
869	828
869	843
869	868
870	865
870	871
870	884
871	870
872	857
872	873
873	872
874	867
874	894
875	815
875	888
875	891
876	860
876	877
876	880
877	856
877	862
877	876
877	883
878	859
879	685
879	842
880	876
880	881
881	880
881	882
881	883
882	857
882	881
882	952
883	856
883	877
883	881
883	952
884	870
885	886
885	897
885	946
886	865
886	885
886	944
886	945
887	888
887	889
887	894
888	875
888	887
888	891
888	948
889	887
890	891
890	892
891	875
891	888
891	890
891	892
892	890
892	891
892	946
892	947
893	867
893	901
894	874
894	887
894	994
895	85
895	896
896	895
897	885
898	899
899	898
900	901
901	893
901	900
902	903
903	854
903	902
903	905
904	905
905	903
905	904
905	1002
906	907
907	906
908	909
908	955
909	908
909	954
909	955
910	911
911	910
912	913
913	912
914	915
915	914
916	917
917	916
918	919
919	710
919	918
920	802
921	710
921	714
922	713
922	714
925	750
925	926
925	928
926	925
927	744
927	760
927	929
927	972
928	925
929	738
929	743
929	754
929	927
930	733
930	736
930	743
931	725
931	743
931	932
932	931
933	934
933	953
934	933
934	960
935	936
936	795
936	833
936	935
936	937
937	791
937	834
937	936
937	939
938	774
938	787
938	794
938	939
939	794
939	834
939	937
939	938
940	759
940	782
941	746
941	813
941	990
942	813
942	823
943	749
943	813
944	886
945	866
945	886
946	885
946	892
946	947
946	949
947	892
947	946
948	888
949	946
950	855
950	864
950	1002
951	820
951	823
951	855
951	858
952	840
952	858
952	882
952	883
953	809
953	840
953	933
954	909
954	956
954	957
955	908
955	909
956	954
956	957
956	969
956	970
957	954
957	956
957	966
957	968
958	778
958	799
958	960
959	839
959	850
959	960
959	962
960	799
960	934
960	958
960	959
961	849
961	861
961	964
961	971
962	850
962	862
962	959
962	971
963	860
963	964
963	965
964	861
964	961
964	963
965	963
966	868
966	957
966	967
967	966
968	957
969	846
969	956
969	970
970	851
970	956
970	969
971	861
971	961
971	962
972	760
972	927
972	974
973	745
973	751
974	745
974	972
975	728
975	730
975	751
976	817
976	977
976	978
977	976
977	984
978	976
979	767
979	806
979	980
980	979
981	806
982	983
983	982
984	769
984	977
985	986
985	987
986	720
986	985
986	988
987	985
988	732
988	734
988	986
989	766
990	941
991	363
991	993
992	802
993	991
994	894
995	996
996	995
997	998
998	997
999	998
999	1000
1000	999
1001	364
1002	905
1002	950
1002	1003
1003	1002